706
65437898
64438031
63438107
62438213
61438278
60438338
59438398
58438457
57438513
56438570
55438627
54438684
53438740
52438796
51438852
50438909
49438965
48439022
47439078
46439135
45439191
44439248
43439304
42439360
41439416
40439495
39439662
38439743
37439808
36439873
35439942
34440029
33440123
32440221
31440323
30440651
29440730
28440791
27440848
26440908
25440965
24441022
23441080
22441136
21441193
20441250
19441307
18441363
17441420
16441476
15441533
14441590
13441647
12441703
11441760
10441817
9441873
8441929
7441990
6442047
5442104
4442164
3442222
2442279
1442336
442392
411
423
412
318
292
462
466
423
235
396
476
427
8137582
7137663
6137783
5137851
4137912
3137974
2138035
1138095
138154
1129
238
342
354
385
327
371
429
299
273
420
420
263
277
281
298
451
464
345
355
362
241
216
214
2740995
1741129
741225
222
303
225
322
324
307
325
221
328
226
391
221
7437531
6437681
5437787
4437884
3437984
2438094
1438202
438309
422
234
230
361
469
303
338
249
477
469
468
338
223
181
216
208
359
308
237
385
229
221
307
305
210
3039033
2039286
1039477
39671
216
205
428
364
409
409
351
409
321
432
365
333
8837501
7837642
6837741
5837815
4837890
3837949
2838012
1838072
838130
444
435
413
442
453
427
438
390
331
447
392
283
431
434
440
454
345
268
436
315
435
440
255
183
384
2837500
1837632
837697
375
311
368
434
357
438
349
432
389
448
429
421
7137518
6137608
5137678
4137765
3137839
2137915
1137985
138152
217
232
207
453
254
263
360
393
466
232
214
201
218
221
230
387
477
344
357
430
417
732
432
438
2737991
1738095
738187
283
599
247
355
353
331
364
364
560
369
671
439
7438957
6439051
5439118
4439182
3439245
2439311
1439377
439442
419
359
243
346
443
475
463
376
411
466
424
463
340
445
469
450
347
455
641
342
297
285
293
347
340
3038055
2038181
1038299
38401
185
401
424
398
418
370
402
429
389
377
422
418
8939809
7939951
6940048
5940120
4940220
3940333
2940468
1940631
940748
313
258
431
343
389
416
419
385
444
252
431
213
323
334
436
281
291
311
424
184
565
292
305
299
368
2837855
1837949
838033
348
414
275
345
514
306
303
302
388
358
441
209
7237662
6237850
5237960
4238052
3238141
2238208
1238274
238338
240
266
313
455
246
332
363
323
228
347
231
428
281
353
208
347
295
359
406
202
435
317
385
372
425
3136971
2137110
1137207
137294
347
430
403
425
218
217
376
427
376
292
299
362
8737259
7737457
6737584
5737660
4737724
3737785
2737847
1737914
738012
592
559
327
342
305
317
193
207
431
419
299
212
262
230
395
273
384
328
332
376
335
245
206
292
227
2937205
1937297
937361
281
421
176
397
409
408
425
333
430
341
282
275
7037583
6037766
5037874
4038000
3038202
2038530
1038643
38796
411
273
428
281
428
342
321
233
304
262
327
449
231
417
574
314
345
330
354
372
312
342
382
334
2736944
1737389
737545
308
427
409
439
288
317
296
329
300
311
299
303
7337311
6337411
5337476
4337536
3337597
2337654
1337711
337768
333
419
359
382
256
447
331
390
272
386
332
289
432
300
315
418
480
522
437
335
423
416
861
423
436
3037958
2038069
1038224
38290
484
339
351
437
432
355
428
535
485
542
421
438
8737352
7737445
6737516
5737579
4737642
3737705
2737766
1737827
737891
424
534
438
558
446
617
418
444
415
510
436
584
372
336
411
558
683
526
547
568
554
512
373
530
378
2836848
1836985
837064
519
390
518
562
405
523
379
353
395
305
332
497
7137502
6137583
5137658
4137725
3137790
2137857
1137921
137985
426
350
430
468
394
395
512
435
418
269
379
413
322
284
436
430
366
359
401
381
422
303
432
333
2737052
1737144
737213
406
424
402
293
274
303
382
402
341
320
428
306
7437335
6437429
5437490
4437549
3437610
2437672
1437731
437788
527
326
419
470
435
424
431
508
519
470
556
413
522
574
466
527
302
283
427
369
434
465
337
407
365
3037019
2037270
1038332
38582
260
353
382
325
409
336
434
504
325
390
372
623
8837048
7837181
6837261
5837326
4837391
3837453
2837513
1837575
837638
338
405
564
287
334
228
210
287
193
366
295
316
347
285
187
361
375
199
411
354
487
296
339
295
222
2837114
1837206
837277
263
382
352
525
294
463
616
538
428
510
407
492
7137837
6137985
5138070
4138155
3138218
2138285
1138350
138411
319
412
496
198
344
499
315
359
367
302
313
361
357
461
373
332
379
791
341
425
329
416
340
420
402
3137776
2137855
1137925
137988
351
313
340
632
226
328
238
316
354
214
223
266
8637686
7637813
6637910
5637995
4638084
3638192
2638306
1638425
638533
205
301
230
355
561
497
224
336
245
364
305
493
409
227
343
382
351
198
356
305
373
468
405
763
348
2939492
1939644
939778
222
487
289
388
488
416
229
386
214
301
205
415
6937736
5937823
4937904
3937984
2938062
1938140
938231
345
334
349
531
210
331
363
206
306
364
230
495
338
489
203
225
231
363
372
316
306
201
266
283
337
2736995
1737077
737183
503
239
374
296
408
228
347
479
304
525
289
269
7337730
6337827
5337907
4337988
3338084
2338171
1338250
338330
449
222
509
227
244
353
517
465
451
363
323
232
531
375
507
350
326
442
278
361
300
385
316
398
998
3137073
2137194
1137259
137322
470
407
543
300
403
451
530
339
482
520
270
486
8737730
7737877
6738013
5738191
4738285
3738393
2738567
1738742
738831
571
479
303
387
288
319
186
355
317
244
272
349
230
212
227
215
182
313
234
482
291
252
340
367
662
2937427
1937510
937583
548
220
338
395
224
541
510
514
701
320
378
282
7037647
6037717
5037777
4037842
3037907
2037969
1038032
38093
290
265
366
314
193
536
975
306
349
369
508
238
266
251
252
222
227
325
240
205
356
224
243
506
2737303
1737446
737524
474
522
303
530
241
308
465
348
274
223
232
527
7337775
6337975
5338130
4338295
3338434
2338567
1338700
338857
249
373
488
343
380
372
516
346
240
202
367
462
357
337
260
513
482
467
497
440
533
248
270
461
532
3037462
2037559
1037726
37822
206
684
319
355
302
275
364
299
306
344
198
331
8839355
7839441
6839516
5839583
4839646
3839708
2839772
1839835
839938
239
294
383
506
438
497
384
253
534
304
474
368
200
303
245
561
285
313
346
261
461
304
504
537
215
2837450
1837536
837622
690
373
283
351
376
458
515
509
486
319
286
309
7137826
6137955
5138029
4138115
3138188
2138265
1138332
138403
340
417
437
287
304
365
197
452
323
305
516
336
354
302
538
337
335
330
347
208
181
323
293
315
2737389
1737484
737555
228
360
351
197
198
317
354
510
329
203
212
367
7437203
6437299
5437385
4437446
3437509
2437572
1437635
437696
328
363
206
274
437
500
191
347
358
430
308
323
287
238
220
256
252
236
503
275
233
224
265
523
271
3036999
2037169
1037265
37332
471
322
325
350
320
211
218
252
236
303
250
274
8837244
7837384
6837461
5837535
4837605
3837677
2837741
1837799
837857
304
254
230
232
181
208
197
455
291
264
218
238
212
233
214
329
359
207
353
465
198
324
227
511
345
2836813
1836888
836954
250
301
185
277
214
338
221
296
320
319
326
370
7236882
6237016
5237118
4237190
3237260
2237326
1237391
237460
308
231
330
209
248
287
231
287
229
303
366
244
447
175
319
328
293
350
455
300
403
443
370
501
350
3137633
2137801
1137875
137940
506
522
292
491
544
536
523
504
587
509
557
496
8636920
7637002
6637524
5637608
4637681
3637750
2637818
1637886
637951
527
526
497
495
469
506
480
470
479
479
485
468
499
469
497
421
503
473
498
438
472
483
489
484
540
2937543
1937683
937760
273
461
447
502
470
498
468
558
506
390
504
482
7037556
6037664
5037737
4037801
3037861
2037923
1037984
38048
475
461
472
414
232
455
506
411
490
510
489
501
464
507
355
496
497
478
437
512
486
480
494
475
2737800
1737893
737966
518
348
505
426
540
474
513
520
514
521
512
518
7337825
6337929
5337995
4338057
3338119
2338180
1338241
338301
524
496
465
504
474
506
491
498
509
480
487
595
491
562
499
430
427
442
557
555
523
584
554
503
476
3037286
2037424
1037494
37553
315
506
423
469
347
509
438
498
514
532
509
507
8737759
7737846
6737920
5737982
4738042
3738101
2738159
1738221
738282
467
468
550
471
537
447
437
534
498
515
493
528
494
495
501
433
240
190
420
225
265
216
270
409
342
2838038
1838158
838305
226
309
193
224
535
321
533
541
243
209
214
213
7038230
6038354
5038465
4038560
3038652
2038740
1038835
39052
210
215
247
268
260
218
237
267
210
202
221
249
182
247
229
290
198
207
213
231
312
317
211
205
2737450
1737591
737726
212
393
239
240
175
216
220
232
251
247
218
207
7437938
6438106
5438262
4438421
3438577
2438783
1438973
439158
232
230
220
188
236
230
182
220
201
240
426
252
224
808
227
240
226
219
188
240
227
216
450
225
235
3036992
2037529
1037622
37702
182
230
214
187
257
245
229
423
371
201
275
247
8837334
7837477
6837568
5837653
4837734
3837814
2837891
1837962
838024
298
410
196
235
187
242
322
282
220
231
212
442
235
196
230
234
221
203
223
248
287
337
225
200
222
2838034
1838146
838428
232
214
254
190
224
224
263
269
263
301
250
255
7137316
6137416
5137502
4137581
3137655
2137730
1137804
137884
570
563
286
601
593
403
445
438
394
319
264
205
243
328
438
436
640
269
487
532
281
269
222
199
388
3137038
2137111
1137176
137237
397
565
496
210
484
218
381
233
206
269
256
510
8637617
7637736
6637866
5637959
4638047
3638134
2638219
1638303
638387
234
233
446
569
360
421
376
514
419
195
219
492
329
492
482
530
403
391
507
492
443
196
440
545
577
2937762
1937860
937942
326
308
269
314
234
220
558
436
497
441
229
511
6937210
5937336
4937429
3937495
2937558
1937622
937684
300
276
539
525
283
481
238
321
217
277
454
444
287
463
375
402
313
398
401
500
569
298
424
235
216
2737692
1737795
737868
492
213
515
385
430
488
523
518
561
213
244
410
7237327
6237465
5237542
4237622
3237692
2237755
1237834
237905
511
578
496
192
295
477
357
222
414
430
246
461
470
424
254
434
414
356
225
230
396
478
386
433
227
3140833
2141143
1141596
141722
306
191
289
209
220
405
465
421
447
243
311
280
8737722
7737847
6737921
5738010
4738088
3738154
2738225
1738293
738359
302
540
372
414
253
236
394
430
382
235
309
482
511
506
412
384
287
368
556
314
474
265
389
309
288
2937736
1937821
937893
370
379
364
403
295
395
445
311
389
448
307
378
7037521
6037658
5037742
4037809
3037875
2037937
1037995
38053
271
522
264
418
197
413
418
364
450
379
495
579
546
496
506
374
399
512
396
259
267
292
365
285
2737275
1737372
737462
453
505
466
478
308
467
186
535
306
406
405
292
7337782
6337927
5338049
4338161
3338263
2338369
1338473
338589
448
454
431
260
258
184
231
212
232
236
232
232
234
250
213
222
244
216
220
278
280
246
292
223
440
3037333
2037460
1037592
37723
240
287
234
244
578
468
206
253
327
336
206
384
8837653
7837749
6837837
5837988
4838118
3838223
2838308
1838397
838495
273
577
552
394
252
372
360
405
424
375
559
454
427
430
527
256
480
476
558
219
398
444
514
437
386
2837406
1837545
837623
379
549
541
513
239
341
480
419
324
344
519
434
7137836
6138050
5138184
4138328
3138464
2138607
1138804
139012
593
402
213
274
293
283
382
324
562
258
508
554
547
405
416
221
287
391
516
533
382
434
521
445
218
3137265
2137349
1137429
137493
516
550
375
355
400
281
284
572
267
266
453
409
8537148
7537243
6537310
5537371
4537430
3537486
2537548
1537606
537662
426
520
448
203
231
338
240
227
249
369
385
351
241
225
221
373
261
229
217
214
208
271
266
229
215
2936942
1937882
938000
198
218
215
278
235
611
572
386
407
391
426
258
241
9038161
8038320
7038398
6038471
5038542
4038621
3038699
2038766
1038825
38883
213
254
255
211
221
227
494
286
336
388
231
358
975
207
499
209
243
528
431
365
220
182
235
498
2738034
1738190
738292
204
307
238
263
496
364
281
226
226
184
367
224
7340078
6340327
5340497
4340660
3340833
2340999
1341165
341326
252
222
245
246
408
222
220
491
353
571
401
238
256
342
268
337
380
455
448
535
205
214
317
374
407
3037781
2037883
1037955
38020
196
430
445
375
277
236
353
244
395
385
548
418
8737395
7737630
6737780
5737885
4737982
3738057
2738161
1738259
738323
478
590
326
246
358
190
328
206
1146
591
547
581
306
262
733
335
436
214
256
387
215
240
242
242
247
2837726
1837866
837985
390
348
220
392
263
510
401
569
404
410
387
533
7037529
6037618
5037700
4037787
3037873
2038753
1038925
39070
213
212
230
212
196
187
298
215
287
210
254
228
215
182
201
234
235
213
564
588
238
352
420
430
396
3137167
2137299
1137383
137468
619
301
362
384
407
343
400
320
457
372
374
509
8537564
7537648
6537724
5537790
4537851
3537911
2537970
1538028
538087
545
669
543
564
440
581
260
197
324
266
337
509
183
392
345
373
431
349
551
394
527
423
212
473
193
2939470
1939561
939647
242
198
518
373
313
326
345
246
578
301
583
518
567
8936816
7936974
6937054
5937120
4937180
3937239
2937298
1937361
937423
352
586
369
521
541
498
409
513
538
546
382
385
249
508
462
496
207
207
434
389
395
419
396
424
572
2737714
1737962
738031
484
398
223
410
221
443
199
552
209
437
372
492
7237513
6237639
5237731
4237820
3237888
2237952
1238017
238081
344
527
330
396
506
503
513
229
471
327
450
491
500
362
509
377
436
339
249
393
552
494
231
268
446
3037876
2038008
1038117
38255
462
472
296
371
525
338
240
374
391
386
560
453
8737628
7737703
6737791
5737868
4737933
3737997
2738064
1738126
738190
403
347
343
213
514
337
388
462
512
450
332
293
477
452
498
506
524
350
557
431
422
573
425
506
488
2837269
1837417
837541
334
353
539
532
545
576
535
556
578
490
697
494
7037476
6037596
5037711
4037819
3037921
2038030
1038138
38236
643
457
367
421
391
263
436
387
226
329
240
205
204
282
214
220
225
289
315
233
357
371
424
517
2737535
1737606
737687
363
477
216
512
347
419
196
381
217
290
200
188
7337479
6337590
5337680
4337751
3337816
2337879
1337942
338028
327
327
236
394
284
438
291
325
222
217
221
198
286
304
288
269
240
439
480
344
314
372
283
451
332
3037290
2037546
1037648
37738
473
343
300
231
221
216
228
474
430
451
223
452
8837422
7837508
6837575
5837641
4837703
3837763
2837825
1837886
837947
480
501
523
541
541
518
442
318
280
354
368
369
528
281
340
216
383
405
512
538
341
455
500
726
456
2837218
1837364
837448
282
550
432
446
340
364
272
324
314
364
484
301
7137784
6137882
5137960
4138024
3138087
2138168
1138240
138307
318
391
501
492
427
308
531
490
512
232
548
305
524
401
599
477
409
332
309
441
560
289
347
450
361
3137721
2137792
1137858
137920
388
326
345
486
309
547
271
535
353
389
182
392
8537640
7537713
6537776
5537839
4537902
3537964
2538028
1538094
538158
308
311
321
471
529
472
500
521
459
353
488
313
221
305
516
269
419
492
332
346
512
508
332
372
336
2936956
1937098
937175
448
495
554
243
411
527
432
603
413
505
573
551
620
9037012
8037147
7037258
6037325
5037387
4037449
3037509
2037568
1037628
37687
316
386
477
449
428
342
386
343
313
502
476
347
500
436
478
410
463
360
459
547
415
498
402
451
2737600
1737687
737769
386
510
472
422
241
481
313
337
256
333
353
712
7337396
6337489
5337598
4337666
3337729
2337794
1337863
337932
396
435
379
643
543
544
542
375
374
248
196
209
299
305
317
380
208
533
208
259
300
286
256
408
214
3037478
2037611
1037697
37777
395
422
436
350
327
202
376
335
229
257
617
428
8737459
7737589
6737686
5737778
4737868
3737957
2738047
1738135
738223
345
333
330
360
464
549
482
361
418
541
407
434
205
421
813
354
201
516
292
295
317
402
497
572
486
2837693
1837818
837886
303
401
205
275
562
494
362
458
563
514
493
546
7137817
6137943
5138018
4138082
3138144
2138207
1138270
138333
330
516
334
483
372
455
571
432
413
379
355
472
321
287
372
433
366
409
520
461
419
448
291
425
444
3137848
2137984
1138049
138121
257
196
281
244
191
323
373
381
272
257
556
482
8538040
7538201
6538412
5538550
4538705
3538816
2538942
1539040
539135
293
419
360
352
188
446
461
515
300
363
471
302
219
416
247
197
196
342
430
284
318
330
321
280
276
2937037
1937217
937353
290
466
389
562
539
190
260
355
222
356
329
370
512
8937444
7937552
6937623
5937690
4937752
3937814
2937875
1937936
937997
248
345
261
322
388
336
437
384
383
384
235
324
2422
252
269
329
222
250
222
192
544
442
437
470
364
2737350
1737440
737511
210
363
346
476
233
221
441
555
335
499
521
557
7337262
6337382
5337475
4337559
3337646
2337766
1337880
337992
584
250
242
250
400
572
339
247
234
251
333
599
222
226
250
249
342
550
188
239
529
565
241
233
245
3037577
2037730
1037825
38091
222
337
463
665
253
250
260
307
375
413
534
481
8737859
7737992
6738111
5738274
4738440
3738570
2738693
1738813
738933
370
238
325
499
407
247
439
505
285
258
757
436
480
398
229
233
538
178
574
328
590
514
268
551
552
2837708
1837987
838141
243
559
308
272
415
513
561
284
316
374
527
401
7038258
6038347
5038419
4038535
3038661
2039033
1039131
39201
219
442
546
397
309
376
365
393
224
351
438
525
337
332
436
501
378
570
212
464
247
417
580
328
560
3137568
2137701
1137848
138075
519
340
516
250
352
422
367
408
550
330
232
364
8537746
7537879
6537985
5538051
4538112
3538172
2538231
1538289
538347
458
542
536
255
528
594
480
358
566
362
358
457
408
217
225
289
436
220
384
521
412
362
200
326
495
2937508
1937607
937718
302
193
463
554
513
328
493
349
551
401
477
371
229
8937173
7937302
6937382
5937449
4937514
3937582
2937647
1937713
937778
314
501
542
342
464
530
583
361
477
524
447
420
387
520
483
237
269
237
292
270
277
266
228
233
222
2737653
1737744
737820
506
274
235
250
260
288
232
302
378
336
341
299
7237185
6237314
5237678
4237828
3240414
2240576
1240698
240821
334
212
424
236
215
237
190
266
380
240
246
256
271
548
328
224
364
223
328
202
321
340
301
311
307
3037192
2037340
1037454
37526
238
258
304
270
519
319
309
254
205
247
357
255
8738112
7738204
6738275
5738341
4738404
3738468
2738528
1738589
738648
496
253
235
384
221
224
421
409
430
382
384
266
442
401
461
425
263
275
213
568
414
289
242
348
202
2837541
1837727
837832
345
493
474
414
390
243
290
555
490
268
275
287
7037255
6037369
5037506
4037618
3037723
2037830
1037944
38051
417
512
356
395
407
329
377
343
515
351
461
241
559
235
237
254
245
297
281
511
360
288
300
342
464
3137596
2137667
1137731
137795
352
445
430
399
416
445
495
384
549
585
556
453
8537285
7537360
6537426
5537493
4537557
3537622
2537683
1537745
537808
435
433
425
489
348
390
347
383
312
384
293
409
378
339
502
292
269
302
361
301
264
394
403
331
386
2937392
1937519
937595
332
412
384
406
359
330
501
215
220
520
438
562
347
8937604
7937685
6937765
5937840
4937919
3938000
2938079
1938173
938256
269
242
249
224
422
269
212
323
285
510
220
255
290
435
357
283
380
339
293
309
250
282
283
238
331
2736955
1737029
737099
328
297
301
280
233
373
348
332
365
419
254
546
261
320
331
459
688
556
281
260
566
264
216
326
260
564
218
236
345
321
210
228
330
224
271
268
259
221
288
512
318
287
408
385
241
465
491
308
395
234
254
444
491
519
427
514
498
527
210
501
326
413
349
308
294
371
267
241
228
232
272
293
265
275
271
293
242
390
312
269
238
214
237
252
274
220
237
233
290
225
309
308
319
333
360
236
214
357
417
433
399
307
374
753
312
252
335
260
359
374
247
249
389
260
303
230
455
329
402
319
349
383
248
237
359
242
330
345
384
249
387
246
287
261
407
404
335
293
264
264
279
374
258
267
294
406
371
422
309
380
405
280
263
338
427
260
300
299
338
266
257
337
243
269
422
296
263
378
342
244
383
376
494
430
333
408
251
292
227
390
306
260
359
225
226
318
323
317
535
239
254
232
359
243
396
501
253
409
373
273
268
386
313
488
331
326
238
292
245
354
313
387
231
297
356
330
345
226
383
450
369
446
262
248
290
419
239
390
237
255
282
397
311
323
301
381
250
629
416
232
192
361
352
343
270
469
262
386
328
361
435
312
266
455
533
393
516
323
265
543
488
277
283
319
267
501
259
294
465
347
259
223
262
462
319
538
412
250
217
357
224
307
317
234
248
292
248
253
288
266
217
329
230
223
245
261
542
373
462
257
513
273
256
424
259
421
323
253
330
370
491
270
364
226
300
258
323
555
391
400
378
403
388
391
228
371
337
355
323
383
286
350
235
291
256
345
425
282
261
372
375
257
475
380
322
390
474
266
306
252
279
424
459
352
316
476
385
420
244
228
275
316
476
491
528
513
495
425
257
278
324
359
213
380
239
287
235
241
256
304
364
452
235
316
472
402
564
351
213
251
243
213
543
241
234
214
343
223
414
297
534
565
440
508
272
404
299
434
304
305
228
523
467
484
370
256
257
322
403
312
233
317
238
547
292
549
358
464
419
395
285
438
507
426
422
395
283
309
510
459
386
291
223
296
259
258
346
340
284
269
394
468
471
476
342
291
419
351
468
234
396
268
311
408
422
312
342
324
351
477
533
369
403
286
437
263
274
371
313
219
305
348
233
269
255
250
238
269
524
309
370
365
394
463
375
363
302
253
295
300
461
498
237
378
474
202
223
207
350
232
246
475
341
288
300
293
342
517
388
434
552
290
498
544
516
573
381
514
218
483
213
276
255
241
252
249
215
269
241
216
238
271
266
334
246
256
381
444
296
301
293
274
305
263
415
236
436
518
239
399
360
412
244
253
319
385
406
351
373
315
432
283
230
238
364
472
369
283
259
306
288
281
248
235
258
218
374
275
529
339
409
317
232
326
307
444
397
412
504
398
273
207
507
401
327
360
382
464
427
347
464
225
260
416
366
520
273
362
325
271
253
267
458
333
301
261
339
267
415
426
481
494
381
281
343
493
473
443
414
398
381
552
272
418
355
332
237
551
462
252
227
